33
13
26 4  5  6  5  6  5  6  5  6  5  6  5  6  5  6  5  6  5  6  5  6  5  6  5  6  5  6  5  6  5  7  19
26 16 0  0  0  0  0  0  0  0  0  0  0  0  0  0  0  0  0  0  0  0  0  0  0  0  0  0  0  0  0  8  19
26 16 0  3  0  3  0  3  0  3  0  3  0  3  0  3  0  3  0  3  0  3  0  3  0  3  0  3  0  3  0  8  19
26 17 0  1  0  1  0  1  0  1  0  1  0  1  0  1  0  1  0  1  0  1  0  1  0  1  0  1  0  1  0  9  19
26 16 0  3  0  3  0  3  0  3  0  3  0  3  0  3  0  3  0  3  0  3  0  3  0  3  0  3  0  3  0  8  19
26 16 0  1  0  1  0  1  0  1  0  1  0  1  0  1  0  1  0  1  0  1  0  1  0  1  0  1  0  1  0  8  19
26 16 0  3  0  3  0  3  0  3  0  3  0  3  0  3  0  3  0  3  0  3  0  3  0  3  0  3  0  3  0  8  19 
26 16 0  1  0  1  0  1  0  1  0  1  0  1  0  1  0  1  0  1  0  1  0  1  0  1  0  1  0  1  0  8  19
26 16 0  3  0  3  0  3  0  3  0  3  0  3  0  3  0  3  0  3  0  3  0  3  0  3  0  3  0  3  0  8  19
26 18 0  1  0  1  0  1  0  1  0  1  0  1  0  1  0  1  0  1  0  1  0  1  0  1  0  1  0  1  0  10 19
26 16 0  3  0  3  0  3  0  3  0  3  0  3  0  3  0  3  0  3  0  3  0  3  0  3  0  3  0  3  0  8  19
26 16 0  1  0  1  0  1  0  1  0  1  0  1  0  1  0  1  0  1  0  1  0  1  0  1  0  1  0  1  0  8  19
27 15 12 13 14 12 13 14 12 13 14 12 13 14 12 13 14 12 13 14 12 13 14 12 13 14 12 13 14 12 13 11 21
25 24 23 23 23 23 23 23 23 23 23 23 23 23 23 23 23 23 23 23 23 23 23 23 23 23 23 23 23 23 23 22 21

# Map 7-1, 7-4, 7-5, 7-6, 7-8